1222 1689 1223 1684
1575 232 1580 230
377 854 378 861
239 493 247 492
1223 823 1228 818
1944 579 1947 571
612 1986 616 1978
1010 861 1012 850
504 1409 510 1402
356 1632 364 1627
1862 163 1865 152
1578 78 1585 68
490 1904 490 1921
672 1354 685 1358
789 383 790 367
534 1765 546 1760
1056 1010 1066 1017
121 1518 125 1505
1423 1096 1436 1100
1240 344 1257 345
1479 572 1481 588
599 1993 612 1986
1568 1006 1578 1017
1153 1913 1156 1895
255 1684 258 1664
605 1966 616 1978
857 77 868 89
1124 162 1135 174
584 1969 605 1966
33 1673 42 1658
1858 1701 1868 1686
1721 673 1731 688
1406 1104 1423 1096
1510 710 1513 732
1385 436 1394 419
1013 144 1024 129
634 254 638 231
1327 894 1342 906
1337 1116 1340 1140
1232 891 1243 907
1850 227 1873 231
1168 940 1171 964
1522 1179 1541 1188
1173 1565 1190 1554
33 1673 39 1696
1680 1655 1706 1658
789 383 817 385
1448 1583 1456 1605
765 842 769 868
1929 1583 1930 1553
729 1424 737 1447
1231 1432 1251 1443
9 1680 33 1673
1831 293 1861 294
1923 563 1947 571
1861 294 1892 293
905 1359 930 1351
395 1689 409 1670
724 1771 734 1795
1067 613 1070 582
1801 1353 1833 1355
539 1068 558 1052
1257 345 1279 358
900 1268 900 1304
1534 147 1552 129
255 1684 290 1686
966 530 1000 533
1411 1365 1420 1337
634 254 670 256
415 285 444 276
1865 152 1877 126
647 1901 652 1868
1650 1411 1671 1429
1896 1558 1930 1553
1929 823 1945 846
1970 1650 1998 1638
488 800 513 785
729 661 755 675
524 1326 554 1316
22 540 62 541
1439 571 1479 572
670 256 705 263
775 340 790 367
505 1364 510 1402
1259 1273 1270 1241
1098 1285 1127 1300
1406 102 1440 92
101 1735 136 1744
928 1647 940 1679
1944 579 1963 605
830 1629 868 1636
817 385 820 427
1156 1537 1173 1565
1510 710 1552 707
1612 1404 1650 1411
1789 1733 1793 1774
468 1945 490 1921
670 779 678 818
2 1640 9 1680
1565 1051 1578 1017
1235 1570 1277 1565
1706 250 1738 235
105 557 108 513
1912 1271 1956 1274
670 779 682 743
1919 270 1963 266
1156 1895 1160 1851
1667 1147 1677 1108
1892 293 1919 270
1032 421 1035 374
1846 1309 1885 1298
5 118 29 92
1731 688 1745 724
705 1397 729 1424
1518 1055 1565 1051
860 982 868 1026
1446 1018 1474 1042
247 1500 276 1477
1534 147 1581 152
1098 1285 1102 1334
1766 792 1786 825
1079 1554 1091 1595
150 819 200 823
86 279 138 277
29 1434 76 1427
1885 1298 1912 1271
636 1511 689 1512
146 870 150 819
930 1351 960 1376
876 1574 887 1530
1945 846 1987 832
1079 1367 1102 1334
1024 469 1032 421
1007 1721 1042 1700
916 1712 940 1679
1910 868 1945 846
1474 1042 1518 1055
831 1826 841 1779
505 1364 524 1326
1667 703 1684 743
247 492 291 479
54 601 89 624
62 541 105 557
1833 1355 1846 1309
234 260 279 246
685 1358 705 1397
1653 657 1667 703
435 1899 490 1904
798 1601 830 1629
900 1304 905 1359
1412 881 1437 845
136 1744 155 1702
241 1073 292 1083
348 445 388 466
1041 1056 1056 1010
1190 1554 1235 1570
797 1403 798 1464
705 263 757 273
1079 1367 1112 1397
194 363 205 415
1789 1733 1836 1750
302 1622 356 1632
558 1052 606 1068
1160 1851 1206 1869
81 702 119 676
1114 921 1123 865
1671 1429 1673 1492
1968 785 1987 832
1564 1918 1615 1933
1035 374 1098 371
1892 793 1929 823
501 1281 524 1326
54 601 62 541
1102 1334 1149 1355
119 676 166 655
1610 1158 1667 1147
1068 313 1075 251
667 1783 724 1771
1270 1241 1282 1184
283 1023 292 1083
1933 1321 1956 1274
754 606 755 675
868 1636 876 1574
1014 297 1068 313
689 1512 745 1526
868 1636 928 1647
1836 1750 1858 1701
279 246 284 312
910 137 942 98
678 818 730 798
339 1947 366 1992
1342 906 1373 947
789 36 789 109
1626 962 1669 932
1114 921 1168 940
732 93 789 109
602 1137 606 1068
181 1802 224 1772
584 130 649 139
526 654 594 648
868 1026 915 1054
647 1901 719 1904
1585 68 1619 27
1861 294 1873 231
290 1686 302 1622
381 152 426 183
1850 227 1862 163
962 427 1032 421
1256 421 1257 345
1467 676 1510 710
1305 1675 1347 1710
1552 129 1578 78
1745 972 1822 972
1223 823 1232 891
181 1934 235 1957
737 1447 798 1464
276 1477 277 1400
1403 1550 1448 1583
1067 1433 1079 1367
138 277 143 204
1513 732 1540 784
1552 707 1599 739
1580 230 1581 152
1667 703 1731 688
1697 1728 1706 1658
1279 358 1329 387
730 798 765 842
1231 1432 1238 1359
502 523 577 518
121 925 146 870
1347 1710 1376 1762
176 1057 241 1073
554 1316 596 1277
1337 1116 1406 1104
1469 13 1541 3
89 624 119 676
504 1021 539 1068
540 168 584 130
960 1376 1007 1411
1007 1411 1067 1433
515 1564 591 1557
1814 106 1877 126
1789 1733 1798 1659
868 89 942 98
297 1543 302 1622
388 466 466 472
1366 582 1439 571
513 785 591 791
347 202 381 152
283 1023 346 1002
310 139 381 152
1112 1397 1149 1444
13 406 87 417
1406 1104 1413 1182
1912 1271 1920 1194
225 1563 247 1500
757 273 775 340
1376 1762 1425 1726
594 648 608 576
957 268 1014 297
882 1124 963 1130
737 1447 745 1526
276 1477 297 1543
466 472 502 523
1412 881 1486 894
546 1760 550 1843
13 406 39 345
591 1557 593 1642
1960 351 1963 266
1000 533 1024 469
364 1627 409 1670
1822 972 1885 997
1259 1273 1345 1271
277 1400 305 1340
1068 313 1098 371
1836 1750 1925 1750
577 518 608 576
1599 739 1684 743
1885 997 1965 988
1590 466 1629 516
1745 724 1766 792
1613 1522 1673 1492
591 1557 636 1511
591 791 670 779
75 1800 101 1735
1223 1684 1305 1675
915 1054 953 1001
291 479 348 445
1974 180 1991 105
1256 421 1277 492
1436 1100 1446 1018
1543 939 1568 1006
685 1358 743 1324
1180 1239 1190 1157
1180 1239 1270 1241
606 1068 616 985
1706 1658 1798 1659
1713 1277 1793 1264
1149 1355 1238 1359
584 130 585 38
1079 1554 1156 1537
889 513 966 530
1891 501 1923 563
1342 906 1412 881
1483 1236 1522 1179
568 1483 636 1511
1329 387 1394 419
1963 266 1974 180
1243 907 1327 894
1793 1264 1801 1353
393 1844 435 1899
1175 437 1256 421
876 1574 960 1560
1042 1700 1083 1757
1807 367 1831 293
189 1460 247 1500
1009 654 1067 613
305 1340 331 1267
789 109 868 89
5 118 33 189
1541 1188 1610 1158
1468 180 1534 147
916 1712 1007 1721
409 1670 414 1575
652 1868 667 1783
1149 1444 1156 1537
1965 988 1984 1070
1398 1979 1454 1934
1 1540 2 1640
39 1696 101 1735
577 518 669 527
831 1826 866 1892
631 353 634 254
1282 1184 1340 1140
18 1228 76 1272
1467 676 1481 588
1541 3 1619 27
1568 1006 1626 962
1486 894 1543 939
882 1124 915 1054
1394 419 1403 325
995 1831 1059 1870
638 231 649 139
29 92 94 54
136 1744 181 1802
887 1530 934 1474
1729 884 1745 972
535 1174 602 1137
438 687 449 594
1667 1147 1762 1137
1279 358 1315 289
22 749 81 702
1238 1359 1259 1273
605 1966 647 1901
1581 152 1651 114
1168 940 1243 907
1440 92 1469 13
1929 1583 1970 1650
1669 932 1729 884
1479 572 1508 493
1067 613 1094 694
1508 493 1590 466
125 1505 189 1460
1410 1839 1494 1814
910 137 1013 144
1360 1907 1398 1979
1610 1158 1617 1261
426 183 444 276
1376 1762 1410 1839
1721 1967 1765 1900
300 1826 393 1844
205 415 239 493
1617 1261 1713 1277
716 435 820 427
1413 1182 1522 1179
1220 581 1287 626
414 1575 515 1564
279 246 347 202
953 1001 1056 1010
730 798 796 752
1991 105 1999 0
138 277 234 260
39 345 86 279
1569 1334 1612 1404
235 1957 339 1947
278 57 310 139
1729 884 1786 825
1814 1486 1889 1444
1010 861 1123 865
87 417 108 513
1644 840 1669 932
916 885 1010 861
755 675 796 752
1360 1907 1410 1839
155 1702 255 1684
1000 533 1070 582
1171 964 1224 1031
1059 1870 1160 1851
87 417 205 415
1738 235 1850 227
438 687 526 654
490 1904 550 1843
1569 1334 1617 1261
0 0 29 92
1889 1444 1896 1558
995 1831 1007 1721
1615 1933 1642 1837
734 1795 841 1779
1287 626 1366 582
76 1272 123 1195
934 1474 960 1376
33 189 143 204
1223 1684 1235 1570
1394 419 1488 387
1454 1934 1564 1918
1488 387 1508 493
1209 710 1223 823
76 1427 125 1505
550 1843 652 1868
1766 792 1892 793
745 1526 798 1601
426 183 540 168
649 139 732 93
1013 144 1124 162
719 1904 771 1982
965 740 1009 654
224 1772 300 1826
1094 694 1209 710
339 1947 468 1945
1921 1944 1999 1999
76 1272 198 1261
191 7 278 57
1075 251 1135 174
606 1068 710 1034
466 472 511 379
504 1409 568 1483
1868 1686 1970 1650
198 1261 331 1267
1615 1933 1721 1967
1345 1271 1420 1337
501 1281 535 1174
1277 1565 1403 1550
1590 466 1713 447
1066 1017 1114 921
377 854 488 800
346 1002 378 861
119 676 150 819
1713 447 1807 367
1963 605 1968 785
1921 1944 1925 1750
0 1999 181 1934