689 1989 691 1989
606 740 607 741
1629 1608 1632 1608
1033 1629 1034 1627
1602 107 1602 110
1077 1698 1079 1700
1787 938 1788 942
1600 1618 1605 1619
1132 821 1134 817
1473 1728 1476 1731
882 1522 888 1523
794 98 797 94
244 1965 248 1969
1490 1223 1496 1225
1873 381 1876 387
602 979 610 978
1570 1609 1571 1617
585 1094 591 1097
910 221 914 226
951 724 953 731
1739 1158 1743 1153
1761 404 1768 406
996 1929 1002 1932
1867 607 1874 605
1879 1496 1880 1487
1466 1098 1474 1100
933 433 936 440
944 315 950 311
1431 1617 1439 1615
1991 242 1993 251
1789 513 1790 503
329 342 334 336
641 1876 643 1867
954 461 958 468
1181 367 1183 358
85 1598 94 1601
357 855 365 859
299 1142 303 1150
868 190 871 199
128 1636 129 1647
1382 1065 1390 1069
1521 636 1522 625
1581 1994 1582 1983
409 214 418 210
580 1457 592 1458
1610 711 1615 719
357 855 361 846
1794 1731 1803 1735
1869 1499 1879 1496
88 68 88 82
248 1969 259 1972
917 1213 921 1223
938 963 941 974
1825 89 1828 78
48 1498 51 1509
391 1854 399 1860
1596 11 1608 9
807 230 819 227
1467 1474 1481 1473
355 451 365 456
1104 519 1116 522
75 555 85 550
701 1462 715 1461
1452 555 1467 555
787 633 802 633
946 299 950 311
999 1417 1014 1416
1153 1943 1167 1945
466 963 470 951
1556 348 1559 361
339 1827 355 1827
1250 966 1259 973
319 348 329 342
1300 830 1304 842
1359 1045 1374 1044
1360 1474 1361 1459
1171 374 1181 367
1855 245 1864 237
592 1458 599 1468
1614 1606 1629 1608
1899 1826 1902 1811
1669 66 1681 60
750 1773 751 1790
205 1694 211 1707
380 1862 391 1854
804 543 819 547
1140 543 1153 537
128 1636 147 1636
200 1885 215 1889
718 635 733 631
275 1493 276 1511
1097 459 1104 446
1556 348 1575 349
1565 1125 1570 1140
195 1711 211 1707
732 302 751 303
122 1660 129 1647
607 1659 618 1668
794 317 799 302
1203 1432 1216 1425
1899 267 1919 268
337 879 344 865
796 1382 815 1380
1561 138 1573 147
427 1807 443 1802
1166 1074 1186 1073
941 974 952 984
283 396 299 391
701 856 715 864
448 959 466 963
1132 1652 1143 1641
722 1161 743 1160
1239 1840 1242 1859
1123 1145 1125 1125
1605 1619 1614 1606
594 15 603 2
1852 1956 1864 1946
88 82 106 86
917 1213 937 1210
1437 633 1455 638
1777 1246 1789 1235
1784 1893 1785 1915
1020 1667 1021 1645
488 217 489 195
974 698 975 676
1837 1651 1851 1642
0 1999 3 1979
344 1726 362 1731
817 206 819 227
336 1807 339 1827
938 714 951 724
344 865 357 855
1906 210 1910 190
1418 1020 1436 1026
314 1101 318 1121
968 747 990 749
1715 633 1735 629
1198 1972 1211 1983
1475 187 1494 182
1496 1225 1520 1225
1128 1341 1152 1341
597 232 598 209
1967 1972 1972 1992
92 871 110 864
1078 110 1087 94
1103 562 1116 574
567 1781 588 1777
592 1012 601 1028
1154 284 1175 288
1171 309 1175 288
293 1709 313 1704
1516 1738 1522 1757
368 734 387 740
793 886 803 871
418 210 422 189
1760 1892 1784 1893
1797 289 1806 273
1856 1425 1858 1402
85 550 108 552
1956 1842 1970 1830
241 999 243 1023
343 1253 346 1276
1132 1652 1136 1674
1874 605 1890 615
1180 491 1186 511
1249 991 1250 966
632 1731 653 1736
1311 1866 1317 1886
1372 405 1395 408
1407 1207 1412 1228
303 1150 309 1170
51 1509 51 1535
1446 388 1453 407
714 386 719 407
362 1731 382 1737
730 966 734 944
1005 425 1012 406
1572 9 1596 11
1592 920 1610 928
321 1818 336 1807
803 194 817 206
422 189 429 170
110 1501 132 1505
950 311 975 309
1576 108 1602 107
59 230 64 252
797 850 803 871
1198 1689 1199 1715
1079 559 1103 562
1737 1241 1740 1265
917 1213 918 1187
536 1317 557 1311
1864 237 1872 256
1108 1442 1117 1460
818 1220 846 1220
1823 790 1825 764
908 1889 915 1868
1651 1360 1668 1371
1602 107 1606 83
434 798 457 793
1021 1645 1033 1629
554 1454 580 1457
473 1689 488 1675
527 1337 536 1317
26 1636 27 1608
1588 721 1615 719
1469 1793 1494 1789
1323 679 1342 689
1481 1957 1492 1939
910 1166 918 1187
145 176 168 170
1374 1044 1382 1065
2 724 8 747
999 448 1005 425
1118 1012 1129 1030
176 1563 205 1563
946 299 962 286
936 440 962 437
89 844 92 871
1571 1617 1600 1618
1204 1585 1216 1567
618 1598 631 1581
1411 997 1418 1020
1041 666 1065 672
989 554 1012 547
791 1826 807 1811
456 1080 462 1105
467 1626 478 1646
676 1468 701 1462
689 408 719 407
802 633 822 622
1625 1635 1629 1608
1037 1093 1050 1075
1148 382 1171 374
427 949 448 959
888 1175 910 1166
1162 1919 1167 1945
1835 1110 1854 1122
1843 1544 1873 1543
953 731 968 747
1511 1255 1521 1276
736 497 760 504
1124 796 1134 817
466 924 470 951
1955 961 1972 975
517 500 534 485
44 413 63 426
1800 27 1828 23
1229 1464 1251 1474
902 660 931 663
1602 676 1621 689
1467 1022 1493 1016
1130 1419 1142 1399
954 461 962 437
944 269 946 299
1898 1698 1920 1688
704 1390 708 1362
1702 251 1731 255
355 451 361 424
346 1532 350 1561
1768 406 1791 396
399 1860 418 1846
1856 150 1888 149
485 1944 495 1967
1851 1642 1858 1616
976 47 985 23
1610 711 1621 689
1972 1992 1999 1999
1960 616 1993 615
952 984 974 996
466 924 499 923
850 63 874 53
787 280 799 302
1838 1936 1852 1956
1839 867 1861 855
1117 1460 1140 1471
1204 301 1225 314
1856 1425 1886 1421
1481 1473 1501 1487
1875 170 1888 149
1659 1456 1665 1484
365 859 392 866
1330 1029 1344 1008
499 1879 527 1872
998 1724 1032 1725
1065 672 1082 690
1436 1026 1467 1022
803 871 837 870
917 1083 934 1065
1496 1904 1510 1883
643 1867 652 1841
554 1454 557 1422
1083 280 1094 304
1184 1668 1198 1689
1668 1371 1675 1399
365 456 392 464
1522 625 1555 623
1041 666 1053 643
976 47 1002 56
1578 1209 1579 1173
1606 83 1615 55
1381 188 1415 191
1388 921 1394 952
1678 26 1681 60
377 554 385 583
203 702 219 681
537 1487 557 1504
1519 1036 1554 1033
1785 1915 1819 1919
1687 1194 1718 1201
946 603 962 625
343 1253 369 1241
1872 256 1899 267
642 1074 679 1072
478 1646 488 1675
967 77 976 47
127 155 145 176
58 59 88 68
1492 1939 1496 1904
1511 1255 1520 1225
1556 348 1564 317
1598 1510 1624 1497
1603 962 1637 957
1077 1698 1106 1688
848 606 880 599
868 314 886 335
1681 806 1719 805
1113 1586 1137 1601
319 174 323 210
1568 489 1593 474
1444 873 1471 886
556 1722 578 1740
1086 1573 1113 1586
299 1142 318 1121
1723 510 1750 523
362 1731 367 1766
1435 578 1452 555
84 1658 122 1660
812 372 842 382
1874 605 1878 569
567 1781 575 1813
959 1726 998 1724
1064 298 1074 329
1603 962 1610 928
410 1600 428 1577
1082 690 1088 725
1086 1573 1097 1543
708 1362 719 1332
1137 316 1171 309
616 281 636 302
1171 309 1204 301
929 1840 970 1840
965 785 968 747
1573 147 1576 108
1909 484 1946 489
822 622 848 606
276 1511 308 1521
1493 1052 1519 1036
1183 1410 1203 1432
915 990 941 974
915 1868 929 1840
1570 1140 1579 1173
929 1483 951 1463
1571 1617 1578 1652
1357 234 1380 253
461 232 488 217
635 1039 642 1074
949 374 966 348
592 1012 602 979
364 605 385 583
1658 1180 1687 1194
1457 326 1485 341
1196 1544 1216 1567
1879 438 1911 449
1902 1811 1909 1775
286 758 328 756
271 810 289 836
1579 1173 1617 1167
1103 562 1104 519
1106 1688 1136 1674
1053 1562 1086 1573
1885 760 1909 780
367 1766 390 1787
559 24 594 15
965 785 979 815
1436 1026 1446 1060
243 1023 250 1060
1963 1792 1970 1830
1131 700 1173 703
263 1724 293 1709
1550 714 1588 721
1326 333 1357 319
1116 522 1140 543
920 1594 922 1551
1737 1241 1777 1246
1330 1029 1359 1045
380 1673 416 1664
1078 110 1103 130
601 1028 635 1039
894 962 938 963
1784 1893 1795 1859
63 426 106 424
1819 1919 1831 1886
1006 1107 1037 1093
1933 119 1961 136
1108 1442 1130 1419
1972 975 1979 936
1472 1875 1510 1883
1129 1965 1153 1943
292 1754 293 1709
1559 361 1570 396
1137 1601 1143 1641
563 1220 585 1196
15 921 54 914
681 882 701 856
1355 1419 1361 1459
1825 764 1853 746
1853 746 1885 760
1005 1263 1042 1254
1871 1717 1898 1698
1476 1731 1516 1738
1061 515 1104 519
1950 1737 1963 1703
527 1872 539 1837
1550 714 1560 751
1194 195 1225 211
837 870 863 891
1627 211 1667 204
556 1722 559 1678
1686 500 1723 510
1342 689 1356 722
702 923 742 916
578 1740 588 1777
18 30 62 27
195 1711 198 1755
934 1065 938 1022
57 1788 83 1767
1919 86 1933 119
966 348 975 309
962 437 999 448
715 864 728 829
1199 1715 1215 1747
1561 1081 1565 1125
930 1745 959 1726
1869 1499 1873 1543
13 73 18 30
966 348 1001 361
418 1846 427 1807
202 1959 244 1965
0 0 18 30
751 303 799 302
830 1931 879 1931
308 1521 346 1532
38 178 76 167
1601 796 1641 787
1854 1830 1899 1826
1719 805 1745 782
285 1195 309 1170
951 724 974 698
620 858 658 869
1750 523 1789 513
321 1581 350 1561
1128 1341 1132 1296
42 877 54 914
1964 901 1979 936
1104 446 1127 419
537 1487 554 1454
439 1756 443 1802
1164 744 1173 703
213 425 237 451
1186 511 1227 502
1034 1627 1064 1607
1961 136 1990 157
392 866 421 845
581 1580 631 1581
1967 1021 1972 975
1771 471 1790 503
303 1150 352 1152
872 1362 923 1362
1711 320 1749 307
878 648 880 599
344 707 368 734
938 1022 941 974
1216 1425 1229 1464
856 751 866 709
174 412 213 425
579 1630 581 1580
1437 1565 1439 1615
409 214 412 263
538 864 578 876
575 1813 593 1847
513 1110 563 1108
1087 94 1093 48
140 1054 160 1086
1142 1399 1183 1410
1906 210 1953 205
8 1857 16 1813
1395 670 1432 685
1185 1769 1215 1747
1345 949 1394 952
1740 1265 1748 1309
610 978 613 928
1140 1471 1147 1517
1873 1543 1911 1528
1554 1501 1598 1510
313 1704 344 1726
771 384 812 372
377 554 405 529
812 1896 830 1931
1608 9 1615 55
723 165 748 137
13 391 44 413
232 158 232 211
1828 23 1862 4
1763 1764 1773 1807
1554 1033 1597 1023
1269 921 1315 914
1208 609 1221 569
1983 1558 1995 1600
767 70 797 94
237 451 286 456
1148 1842 1175 1815
1005 425 1049 435
1388 921 1433 930
1917 977 1955 961
1617 1167 1658 1180
1624 1497 1665 1484
1438 291 1457 326
106 86 114 132
1136 1674 1184 1668
1240 1123 1273 1102
1964 901 1996 879
1876 387 1879 438
1735 629 1751 591
1554 1033 1561 1081
1194 195 1203 149
1702 675 1715 633
258 1908 280 1875
1875 170 1910 190
1173 443 1180 491
1880 1862 1899 1826
1789 1235 1804 1275
779 1869 791 1826
861 1674 872 1718
1094 304 1137 316
1828 23 1828 78
1106 1688 1107 1743
1001 361 1012 406
688 1214 741 1217
1175 1815 1185 1769
1201 658 1208 609
1804 1275 1857 1278
1053 1562 1064 1607
1923 886 1964 901
462 1105 513 1110
366 253 412 263
142 1400 170 1372
42 877 92 871
334 1913 362 1941
213 425 227 383
733 631 787 633
1995 1600 1996 1656
256 860 289 836
390 1787 427 1807
465 868 466 924
504 1371 527 1337
579 1630 607 1659
931 663 975 676
1123 1145 1127 1198
1290 1011 1344 1008
1318 1146 1339 1182
1432 685 1437 633
1433 930 1483 937
1435 578 1437 633
1436 1896 1472 1875
1439 1615 1452 1659
1493 507 1516 473
1756 1457 1788 1432
1792 1124 1835 1110
1167 1945 1198 1972
920 1594 943 1629
969 1241 1005 1263
1049 435 1071 399
1444 498 1493 507
1446 1060 1466 1098
1477 1419 1481 1473
1583 1835 1628 1822
1127 419 1148 382
1127 1198 1166 1179
1886 1421 1929 1436
1909 484 1910 541
1920 1688 1963 1703
1082 690 1131 700
133 4 145 51
1153 537 1186 511
568 954 602 979
1187 86 1235 75
1223 1371 1228 1317
1357 1237 1371 1282
1395 408 1453 407
1418 1484 1467 1474
714 386 771 384
741 1217 743 1160
845 1330 872 1362
1519 1036 1523 981
75 1180 86 1228
1641 787 1681 806
1648 1431 1675 1399
1706 1581 1709 1525
1706 1581 1726 1620
1718 1201 1737 1241
1853 746 1854 688
943 1412 951 1463
160 1086 215 1090
1014 1416 1025 1368
488 217 489 275
355 1827 380 1862
1422 1331 1452 1361
3 1979 60 1982
634 413 689 408
489 195 512 158
1627 211 1639 259
1432 1404 1477 1419
1344 1008 1345 949
779 1869 812 1896
1791 396 1813 434
539 1837 575 1813
819 679 822 622
1481 1957 1513 1985
421 845 434 798
1878 569 1910 541
1486 776 1535 787
1900 45 1919 86
578 876 620 858
1025 1368 1042 1325
1494 182 1502 130
1494 1789 1522 1757
1993 251 1998 307
1923 886 1924 826
160 1003 176 958
1909 780 1924 826
340 999 385 983
600 654 615 608
610 978 656 963
659 1350 708 1362
809 430 812 372
817 206 871 199
842 116 850 63
861 1674 912 1664
871 199 910 221
943 1412 999 1417
1093 48 1108 2
1171 309 1183 358
1216 1425 1223 1371
1241 714 1260 756
1249 991 1290 1011
1250 819 1300 830
1311 1866 1317 1811
1535 787 1560 751
1554 441 1570 396
1786 687 1799 639
84 1658 85 1598
215 1889 258 1908
888 1523 922 1551
13 391 21 337
1183 1132 1186 1073
245 603 278 574
681 882 702 923
1259 973 1269 921
1394 952 1411 997
328 756 368 734
1554 441 1568 489
1597 583 1630 612
1733 1127 1792 1124
1857 1278 1898 1299
1432 1404 1452 1361
1471 886 1483 937
299 391 319 348
283 396 286 456
385 983 405 1026
1684 1258 1740 1265
76 167 127 155
578 1740 632 1731
937 1210 969 1241
1985 671 1993 615
604 810 620 858
1899 267 1906 210
962 625 975 676
1166 1179 1183 1132
54 914 66 966
1357 1237 1412 1228
1415 191 1475 187
1443 0 1482 25
520 1583 581 1580
1718 1201 1739 1158
1763 1764 1794 1731
1924 826 1962 799
1919 268 1935 317
48 1498 110 1501
1114 941 1147 909
215 1090 250 1060
807 1811 853 1792
822 1988 830 1931
418 210 461 232
829 1625 847 1578
258 1908 259 1972
1398 1706 1399 1770
1444 498 1452 555
1615 55 1669 66
593 1847 652 1841
152 716 203 702
1006 136 1022 186
1049 435 1104 446
794 98 842 116
380 1673 382 1737
1544 1684 1578 1652
16 1813 57 1788
623 1523 631 1581
1183 1132 1240 1123
1380 253 1381 188
1749 307 1797 289
743 1160 779 1130
912 1664 943 1629
766 692 819 679
361 424 408 405
480 1303 512 1269
1973 349 1998 307
1941 1151 1944 1087
421 845 465 868
823 1380 872 1362
1014 1416 1024 1473
674 1142 722 1161
1488 1310 1521 1276
1501 1487 1554 1501
1502 130 1561 138
505 1051 513 1110
507 557 517 500
511 824 538 864
1097 459 1104 519
1597 1023 1603 962
559 1678 607 1659
271 810 286 758
1950 1737 1963 1792
849 1110 877 1150
1097 1543 1144 1522
1455 638 1521 636
1360 1474 1418 1484
27 1608 85 1598
1768 406 1771 471
1142 1399 1152 1341
675 660 718 635
597 232 616 281
1890 1073 1944 1087
1516 473 1568 489
250 1060 310 1069
1786 687 1854 688
461 1173 462 1105
211 1707 263 1724
1890 615 1912 662
1750 523 1751 591
990 749 1037 772
923 1362 943 1412
1731 255 1749 307
1020 1667 1032 1725
410 1600 416 1664
1813 434 1879 438
480 1303 536 1317
787 280 807 230
227 784 271 810
1935 317 1973 349
1789 513 1820 553
310 670 344 707
1361 877 1388 921
863 891 892 849
1208 1021 1249 991
1233 1921 1242 1859
879 1931 908 1889
1731 255 1752 205
1513 1985 1582 1983
140 1054 160 1003
1890 615 1960 616
1042 1254 1042 1325
1639 259 1702 251
1909 1775 1963 1792
1455 1158 1466 1098
647 703 675 660
1956 714 1985 671
604 810 606 740
958 866 979 815
1006 1107 1008 1037
1342 689 1395 670
1583 1835 1604 1886
1617 1167 1631 1109
1710 425 1761 404
1880 1487 1886 1421
1097 1911 1162 1919
1162 1919 1233 1921
1173 703 1201 658
1221 569 1227 502
1250 819 1260 756
1302 1399 1355 1419
1339 1182 1357 1237
1432 685 1499 691
1446 388 1457 326
1540 565 1555 623
866 709 878 648
914 226 944 269
38 178 59 230
1615 719 1676 731
700 1812 751 1790
1831 1886 1880 1862
794 317 812 372
488 1675 559 1678
591 1097 642 1074
286 456 355 451
12 468 34 520
1144 1522 1196 1544
1186 1073 1208 1021
1235 75 1268 34
1271 1174 1273 1102
88 68 145 51
1423 1835 1436 1896
1499 691 1550 714
1520 1225 1578 1209
64 252 77 313
1735 629 1799 639
1773 1807 1795 1859
922 1551 929 1483
974 996 1008 1037
1114 941 1118 1012
674 1142 679 1072
701 1462 704 1390
387 740 432 710
1271 1174 1318 1146
1501 1487 1516 1547
1535 787 1601 796
1540 565 1597 583
1630 612 1664 571
1788 1432 1856 1425
1888 149 1933 119
34 520 75 555
346 1532 366 1476
369 1241 439 1247
168 170 232 158
975 676 1041 666
751 1790 791 1826
1709 1525 1756 1554
125 1341 142 1400
385 983 427 949
1242 1859 1311 1866
656 963 730 966
60 1982 114 1959
599 1468 676 1468
497 1524 537 1487
378 1355 394 1416
794 317 868 314
1268 34 1339 28
1631 1109 1650 1051
1348 1679 1398 1706
652 1841 700 1812
1806 273 1855 245
465 868 538 864
482 1448 554 1454
145 645 152 716
12 468 13 391
676 803 701 856
1216 1567 1273 1546
819 547 822 622
846 1220 917 1213
392 464 405 529
1485 341 1556 348
606 740 647 703
1209 857 1250 819
1604 1886 1627 1942
485 1944 499 1879
1691 1665 1762 1673
599 1468 623 1523
1012 547 1079 559
1173 703 1241 714
1862 4 1900 45
1187 86 1203 149
1963 1703 1996 1656
106 424 174 412
404 1299 480 1303
910 1166 986 1170
741 1217 818 1220
1691 1665 1726 1620
416 1664 478 1646
21 337 77 313
634 413 660 467
229 1458 275 1493
1129 1030 1166 1074
258 1908 334 1913
346 1276 404 1299
829 1625 861 1674
600 654 675 660
742 916 793 886
1516 1738 1544 1684
289 836 361 846
809 430 859 462
378 1355 404 1299
1676 731 1702 675
1147 909 1166 972
723 752 728 829
2 627 40 671
1304 842 1315 914
986 1170 1006 1107
1522 1757 1600 1762
232 158 257 100
1283 373 1326 333
760 504 804 543
1002 56 1006 136
212 552 245 603
748 137 794 98
660 467 682 530
1854 1122 1890 1073
872 1718 930 1745
256 860 274 927
89 759 89 844
1469 1793 1472 1875
1357 234 1357 319
1665 1484 1709 1525
787 775 797 850
489 443 517 500
151 1794 198 1755
1438 291 1507 274
1582 1983 1627 1942
719 1332 772 1299
323 210 366 253
1929 1436 1953 1374
1422 1331 1488 1310
224 38 292 19
534 485 602 504
956 1976 996 1929
1843 1544 1858 1616
702 48 767 70
114 1959 202 1959
366 1476 394 1416
641 1876 712 1893
1752 205 1775 140
1909 1207 1941 1151
1600 1762 1675 1748
1175 1815 1239 1840
1399 1770 1423 1835
1944 1087 1967 1021
563 1220 613 1259
1339 28 1374 83
1040 957 1114 941
1211 1983 1291 1993
765 1054 779 1130
1762 1673 1794 1731
1452 1659 1473 1728
2 724 40 671
334 1913 339 1827
110 864 149 812
1421 805 1444 873
145 51 224 38
1861 855 1924 826
1124 796 1164 744
232 211 323 210
8 747 89 759
853 1792 872 1718
350 1561 428 1577
1273 1546 1281 1632
1851 1642 1871 1717
602 504 660 467
83 1767 151 1794
636 302 732 302
1380 253 1438 291
1625 1635 1691 1665
557 1311 563 1220
51 1535 85 1598
1006 136 1078 110
241 999 340 999
149 812 152 716
880 599 902 521
589 1989 689 1989
842 116 868 190
205 1563 252 1617
147 1636 176 1563
219 681 310 670
1225 211 1225 314
108 552 212 552
219 681 245 603
261 1296 346 1276
252 1617 321 1581
1482 25 1572 9
1710 425 1711 320
26 1412 48 1498
874 53 976 47
516 678 600 654
970 1840 996 1929
132 1505 142 1400
179 1205 285 1195
495 1967 589 1989
86 1228 179 1205
1787 938 1839 867
429 170 461 75
1864 1946 1967 1972
594 15 702 48
1862 4 1999 0