881 1318 884 1318
1987 500 1987 507
1532 1778 1535 1783
230 1248 233 1253
1490 430 1500 429
470 635 481 633
1073 511 1085 510
473 899 480 905
1708 855 1722 854
331 315 336 305
242 384 247 394
315 1029 316 1043
1798 201 1802 189
1561 419 1567 429
215 660 229 657
892 1792 904 1797
1958 582 1969 589
1015 1143 1018 1128
294 1131 302 1142
1812 330 1831 331
1683 1921 1698 1926
1553 564 1554 583
1279 1741 1292 1734
1553 564 1568 570
851 1523 859 1536
259 762 265 746
414 372 423 359
1485 1988 1487 1968
808 559 828 557
1072 112 1080 126
1541 553 1553 564
1125 1418 1141 1411
717 134 737 137
414 372 423 387
1282 1810 1299 1817
830 132 831 155
816 1631 816 1656
782 1985 794 1998
311 1008 315 1029
1490 1811 1499 1828
1355 632 1373 641
1180 42 1198 51
1348 1143 1353 1165
622 96 633 80
398 385 423 387
1554 443 1567 429
845 1845 871 1843
1377 226 1404 225
1557 1366 1570 1350
837 1543 859 1536
1141 1411 1166 1415
1463 1536 1472 1557
137 1182 138 1211
1530 1369 1557 1366
170 1236 178 1214
634 1090 660 1086
1535 1783 1563 1785
1554 443 1568 460
199 1619 213 1601
791 1491 810 1504
1700 777 1716 761
907 503 914 528
561 1028 581 1040
944 1520 962 1534
1500 429 1513 448
1044 514 1073 511
1054 132 1080 126
1131 1691 1131 1723
1466 1932 1492 1939
375 395 398 385
521 1533 527 1506
1487 1968 1492 1939
838 1028 844 1000
409 338 423 359
870 908 878 936
1269 905 1300 899
662 1027 680 1008
795 1070 805 1097
1889 393 1918 384
1568 460 1605 459
1087 1766 1091 1800
604 1136 608 1102
608 1102 634 1090
230 1248 261 1241
1309 193 1311 229
321 794 333 768
662 1027 671 1057
375 1302 380 1268
1502 1187 1515 1161
2 637 8 604
1863 1116 1871 1148
660 1086 671 1057
60 1928 81 1909
785 1139 800 1164
263 457 271 425
1502 1251 1530 1239
447 884 473 899
369 24 396 10
950 691 964 718
1361 864 1366 827
8 604 41 613
1193 1358 1219 1374
1369 107 1383 135
1156 24 1180 42
138 1211 178 1214
1770 1696 1778 1661
1294 485 1297 525
115 337 153 342
1072 112 1115 112
878 936 904 953
1499 1828 1540 1831
476 1053 489 1022
1763 1823 1779 1851
786 537 808 559
1867 1189 1871 1148
1006 797 1038 810
1152 626 1187 616
1168 245 1188 270
884 1432 903 1406
1114 315 1127 347
915 1537 944 1520
1181 1815 1222 1810
1532 1019 1535 976
828 557 865 548
1513 448 1554 443
1294 485 1303 447
1361 864 1376 896
1508 1901 1525 1871
1737 1386 1747 1349
1016 366 1022 325
316 1043 323 1084
1238 265 1268 247
904 1797 934 1815
1406 1580 1431 1603
1752 1786 1763 1823
686 151 717 134
124 1100 141 1069
480 905 487 863
950 381 974 356
1472 1557 1496 1582
532 1007 561 1028
178 1214 204 1190
196 276 218 248
1583 797 1630 794
1603 1612 1639 1598
589 113 622 96
1684 1641 1730 1645
1910 1779 1929 1747
1860 1364 1886 1389
1840 1395 1860 1364
332 1616 375 1608
1669 405 1685 370
1823 938 1842 906
546 1560 591 1553
490 99 541 98
597 531 622 504
974 356 1016 366
521 1533 546 1560
1383 135 1419 118
1535 1783 1540 1831
934 1815 958 1786
262 1727 277 1765
1716 761 1727 719
1727 719 1774 713
36 1957 60 1928
1193 1358 1206 1318
1085 1067 1133 1072
302 1142 311 1187
1492 1939 1508 1901
1852 1648 1855 1699
1041 1795 1091 1800
962 771 964 718
1673 749 1716 761
1188 270 1238 265
768 724 773 774
247 394 271 425
1525 1871 1540 1831
1661 847 1708 855
490 99 507 138
1294 485 1346 481
1299 1817 1323 1785
990 966 1029 948
207 411 247 394
859 1536 915 1537
1722 854 1731 902
1297 1491 1316 1453
460 71 490 99
1601 1556 1603 1612
489 1022 532 1007
1838 526 1879 508
274 1615 332 1616
1326 808 1366 827
1323 1785 1379 1782
1006 415 1016 366
636 1270 637 1212
1865 824 1914 835
810 1504 851 1523
1685 370 1697 322
1222 1810 1282 1810
915 43 935 2
1287 576 1297 525
1268 247 1311 229
1706 568 1712 624
209 1543 213 1601
352 1341 375 1302
785 1139 805 1097
541 98 589 113
953 825 962 771
445 1291 477 1322
1774 713 1835 716
1730 1645 1778 1661
1300 899 1339 924
1095 1992 1144 1977
1502 1187 1502 1251
1339 924 1376 896
1500 1745 1532 1778
1737 188 1802 189
1344 417 1346 481
1640 349 1685 370
773 774 824 759
31 1429 39 1487
1722 854 1780 862
433 1619 469 1650
700 1240 751 1224
1484 183 1547 179
1140 1841 1181 1815
1127 347 1134 408
865 548 914 528
1603 1612 1624 1660
375 1608 433 1619
1311 229 1377 226
522 47 541 98
962 771 1006 797
1206 1318 1234 1275
139 414 207 411
144 1599 213 1601
1610 1063 1658 1040
964 240 1034 241
816 1656 858 1685
1726 96 1772 122
1279 1741 1282 1810
1278 119 1298 67
871 1843 892 1792
170 1236 230 1248
1138 876 1199 864
1130 1918 1144 1977
1085 1067 1103 1012
1261 415 1303 447
672 877 690 933
1158 1186 1225 1193
623 694 668 664
213 1601 274 1615
1525 1871 1588 1859
1936 13 1999 0
668 402 695 353
561 1028 566 957
23 1883 53 1837
294 1131 323 1084
1460 1375 1530 1369
943 296 964 240
1846 1792 1910 1779
61 84 73 19
1283 1157 1353 1165
0 1999 36 1957
768 724 813 691
1624 1660 1684 1641
301 853 321 794
1806 1162 1871 1148
1453 1018 1532 1019
40 342 115 337
259 762 333 768
196 276 255 297
1379 1782 1417 1824
70 425 139 414
1273 1666 1279 1741
1479 951 1535 976
1685 370 1753 383
1093 42 1156 24
375 1302 445 1291
109 641 125 706
643 1507 693 1538
316 1043 388 1052
775 1299 835 1277
573 662 623 694
870 908 900 856
23 1883 60 1928
58 690 125 706
1459 552 1541 553
661 1812 691 1759
596 1313 636 1270
169 203 184 135
1624 1660 1662 1706
546 1560 571 1619
1630 794 1661 847
1831 331 1855 271
900 856 953 825
1698 1926 1731 1977
1166 1415 1193 1358
1181 1815 1191 1890
795 1070 838 1028
680 1008 690 933
1131 1691 1138 1613
1941 460 1987 500
1417 1824 1490 1811
1431 1603 1496 1582
139 414 153 342
388 1052 431 1095
1700 777 1708 855
134 1858 166 1912
1316 1453 1395 1460
920 146 988 164
1892 1306 1972 1299
431 1095 476 1053
205 1780 277 1765
835 1277 881 1318
1712 1297 1747 1349
1379 1782 1405 1721
1087 1766 1131 1723
1778 1661 1852 1648
1198 51 1243 9
1130 1918 1140 1841
81 1909 166 1912
1446 1099 1453 1018
130 1673 144 1599
1138 876 1153 803
1144 1291 1206 1318
1375 1081 1446 1099
581 1040 608 1102
1563 1785 1644 1793
1753 383 1774 451
1348 1143 1375 1081
1886 1389 1892 1306
255 297 336 305
229 657 314 662
1091 1800 1140 1841
691 1759 761 1739
1547 179 1548 268
637 1212 700 1240
1072 112 1093 42
1225 1193 1234 1275
943 296 974 356
1867 1189 1958 1189
1674 135 1726 96
958 1786 1041 1795
125 706 130 793
0 0 73 19
730 1663 816 1656
1133 1072 1190 1108
1187 616 1204 692
979 1073 1018 1128
41 613 58 690
1836 1049 1863 1116
169 203 218 248
141 1069 166 1000
1225 1193 1283 1157
462 549 470 635
124 1100 137 1182
686 783 773 774
1207 373 1261 415
981 1304 1048 1275
1377 226 1383 135
1772 122 1802 189
793 888 870 908
427 1725 455 1795
668 402 760 396
591 1553 643 1507
844 1000 878 936
737 137 830 132
831 155 920 146
445 1291 456 1204
988 164 1054 132
904 953 990 966
751 1224 775 1299
1918 384 1941 460
1857 33 1936 13
1969 589 1987 507
1752 1786 1846 1792
964 240 988 164
242 384 255 297
1914 835 1964 784
331 315 409 338
1846 1792 1855 1699
1623 911 1661 847
1022 325 1114 315
1737 1386 1745 1480
1278 119 1369 107
456 1204 517 1246
299 574 314 662
69 1630 130 1673
261 1241 311 1187
884 1318 902 1231
1644 1793 1662 1706
1842 906 1865 824
381 924 447 884
1780 862 1842 906
1127 347 1207 373
1953 1939 1999 1999
730 1663 761 1739
884 1318 903 1406
1316 1033 1375 1081
915 43 920 146
672 877 686 783
1646 1145 1692 1207
1693 1536 1745 1480
1879 508 1987 507
1860 1955 1953 1939
751 1224 800 1164
816 1631 837 1543
604 1136 637 1212
1778 1661 1807 1581
1158 1186 1190 1108
1568 460 1568 570
1692 1207 1712 1297
1712 624 1727 719
884 1318 981 1304
1199 864 1269 905
979 1073 1085 1067
427 1725 433 1619
1048 1275 1144 1291
1601 1556 1693 1536
1737 1386 1840 1395
1753 383 1812 330
1243 9 1298 67
266 1867 277 1765
1045 1385 1048 1275
73 979 166 1000
1599 1443 1601 1556
661 1812 714 1874
720 586 786 537
1547 179 1623 218
1045 1385 1060 1486
155 895 166 1000
1646 1145 1658 1040
1605 459 1669 405
643 1507 665 1411
335 108 369 24
568 1838 661 1812
622 96 686 151
1557 1366 1599 1443
1831 331 1889 393
481 633 573 662
1404 225 1484 183
1038 810 1153 803
1532 1019 1610 1063
1958 1189 1972 1299
1823 938 1836 1049
851 1523 884 1432
262 1727 274 1615
1287 576 1355 632
314 662 333 768
109 641 215 660
1009 1702 1041 1795
396 10 460 71
480 905 489 1022
1798 201 1855 271
1353 1165 1375 1270
130 793 155 895
477 1322 596 1313
29 181 61 84
175 508 207 411
409 338 465 264
1530 1239 1530 1369
668 664 720 586
1472 1557 1601 1556
1395 1460 1406 1580
760 396 769 274
406 703 470 635
469 1650 571 1619
314 662 406 703
1623 218 1674 135
1958 1189 1987 1081
1006 415 1044 514
1187 616 1287 576
1568 570 1706 568
134 1858 266 1867
1617 50 1674 135
549 434 622 504
487 863 517 750
693 1538 791 1491
622 504 668 402
1299 1817 1311 1955
1731 1977 1860 1955
263 457 299 574
462 549 597 531
1698 1926 1779 1851
266 1867 302 1988
934 1815 968 1942
31 1429 87 1323
29 181 169 203
1855 271 1958 212
87 1323 138 1211
1772 122 1857 33
15 854 130 793
714 1874 782 1985