1604 1542 1607 1541
1979 1693 1980 1689
1966 1331 1968 1328
1164 1461 1169 1461
1966 1331 1970 1333
1698 837 1704 840
1354 1774 1356 1781
1710 423 1715 418
405 1067 408 1060
40 1592 42 1583
1371 171 1380 167
1415 579 1417 568
1819 998 1826 989
591 553 595 541
960 308 974 306
1256 931 1272 931
506 793 515 786
721 1857 729 1848
591 553 599 562
37 1606 40 1592
1526 1922 1536 1929
1107 1613 1119 1607
557 1699 566 1709
1404 587 1415 579
595 541 614 542
307 1968 326 1966
1598 565 1617 567
1606 1521 1607 1541
147 1727 153 1743
141 1711 147 1727
911 1960 918 1975
263 1849 283 1847
1328 1876 1345 1882
595 518 595 541
1865 1527 1874 1541
124 1631 141 1637
1243 1945 1264 1942
835 1241 840 1222
1799 1501 1805 1519
1854 1016 1874 1020
1827 1989 1843 1998
1948 546 1949 571
1095 175 1112 185
308 1177 311 1201
572 562 599 562
236 575 237 549
242 639 256 652
452 332 463 316
1447 976 1451 999
1095 175 1105 158
917 1344 942 1341
903 1940 911 1960
308 1177 336 1177
581 1844 600 1853
525 1012 533 1032
1169 1461 1192 1455
587 686 597 667
1640 597 1640 626
882 728 899 715
121 927 143 919
199 1512 213 1528
209 1147 216 1124
863 1571 893 1571
489 1327 514 1321
1558 334 1582 327
1640 597 1647 573
192 1487 199 1512
1743 249 1760 264
217 942 238 954
747 1871 779 1870
1692 1447 1704 1468
191 744 205 725
587 686 618 688
927 1161 959 1163
463 316 478 297
50 984 51 951
984 1577 1004 1563
251 1215 273 1227
842 1965 849 1992
464 1317 489 1327
213 1528 243 1523
457 1075 467 1050
614 542 637 530
1113 1218 1137 1230
1315 132 1336 117
1805 1519 1828 1532
253 1008 260 1037
1065 1519 1084 1536
735 1339 761 1349
1617 567 1647 573
1979 1693 1995 1714
974 306 1000 317
1891 1474 1921 1481
1854 1951 1891 1951
667 248 670 213
1107 1613 1108 1650
368 414 384 436
588 751 594 783
667 248 669 284
974 1947 1003 1937
1383 1443 1413 1452
885 317 905 336
627 1968 646 1948
670 213 699 203
1930 312 1950 292
1829 1255 1854 1240
1235 711 1258 694
510 960 539 971
721 1857 747 1871
204 1272 209 1308
1003 402 1034 412
334 421 368 414
1614 284 1638 267
198 919 217 942
995 1971 1003 1937
559 1380 563 1342
1176 730 1181 693
1176 730 1204 744
1548 302 1558 334
40 1803 78 1799
1828 1532 1865 1527
366 959 390 977
1891 1951 1896 1914
1949 571 1971 592
125 873 167 874
1112 185 1119 221
1896 1914 1917 1891
1188 1709 1189 1666
1247 324 1289 326
1248 1370 1258 1404
1269 1597 1295 1579
691 1631 707 1603
1646 971 1678 983
1697 1739 1707 1773
1930 1957 1959 1973
647 307 669 284
1891 1951 1930 1957
414 340 452 332
1566 1527 1606 1521
777 1826 779 1870
1826 821 1845 794
1707 1773 1741 1785
209 1308 222 1342
598 1680 644 1681
1218 681 1235 711
1446 350 1473 330
1239 285 1247 324
363 910 387 886
323 1415 364 1422
253 1008 295 1002
1099 1959 1136 1970
1169 657 1181 693
1544 224 1559 191
561 1914 607 1911
1626 463 1669 457
777 1826 788 1788
1181 693 1218 681
862 172 868 215
884 1611 893 1571
1591 1288 1613 1261
498 922 510 960
69 629 96 606
489 1327 494 1372
559 1296 563 1342
387 886 426 898
1774 49 1808 32
256 652 281 678
577 1650 598 1680
894 1414 924 1393
409 1656 414 1702
1064 1657 1108 1650
363 910 366 959
1108 1650 1150 1640
718 1304 735 1339
390 977 437 982
1819 998 1854 1016
1617 514 1617 567
1910 345 1930 312
1913 528 1948 546
99 537 127 563
1631 907 1643 865
283 1847 313 1871
143 919 198 919
157 295 207 290
78 483 129 479
525 1012 539 971
1669 457 1686 495
1711 272 1743 249
1248 1450 1258 1404
1870 968 1874 1020
917 1344 924 1393
1515 691 1528 734
1103 103 1108 52
22 1764 40 1803
1103 103 1105 158
1415 579 1467 584
414 1702 448 1725
1268 1541 1269 1597
457 1075 472 1117
121 927 125 873
39 1109 86 1120
1875 715 1889 759
1169 657 1180 610
1843 1998 1854 1951
358 1010 366 959
1628 1933 1672 1918
962 1614 984 1577
557 1699 598 1680
1617 514 1626 463
452 332 495 349
405 1067 457 1075
598 1680 600 1739
1724 648 1748 611
1192 1455 1248 1450
141 1711 166 1675
1377 1498 1383 1443
1123 1440 1164 1461
41 541 99 537
635 859 661 823
1236 589 1244 535
737 1069 757 1026
1014 1878 1067 1888
141 1637 166 1675
1845 1744 1895 1757
269 1286 273 1227
1642 702 1676 731
1507 1303 1527 1260
273 1227 311 1201
885 317 896 264
1932 483 1962 449
1084 1465 1123 1440
387 886 411 846
707 1806 729 1848
1585 616 1598 565
281 678 307 716
1913 528 1932 483
971 871 982 818
1150 1640 1189 1666
1527 1260 1550 1218
1743 551 1748 611
600 1853 607 1911
1743 551 1794 537
1959 1973 1999 1999
665 115 715 131
587 686 588 751
1336 117 1357 72
1515 691 1550 660
1249 777 1290 803
1761 1411 1775 1358
409 1656 471 1651
1103 103 1145 128
594 1140 640 1119
708 1008 757 1026
715 131 760 153
608 1401 653 1424
1444 115 1467 70
1815 756 1845 794
495 1503 559 1498
1119 1607 1136 1555
1866 550 1913 528
238 954 253 1008
1446 350 1469 397
236 575 242 639
514 1321 559 1296
559 1380 608 1401
1488 1160 1537 1139
1550 1218 1584 1182
1109 727 1176 730
1003 1937 1014 1878
1084 1536 1136 1555
1084 1465 1084 1536
1258 1404 1327 1406
688 506 730 535
295 1002 358 1010
554 1602 577 1650
1258 694 1325 699
384 436 403 489
96 606 99 537
959 1683 962 1614
1136 1970 1171 1933
1874 1020 1939 1028
899 715 965 722
1591 1288 1660 1293
184 1013 253 1008
237 549 297 535
422 764 467 735
1640 1642 1669 1687
842 1965 911 1960
78 483 99 537
1528 734 1563 774
1669 457 1710 423
1582 327 1614 284
637 530 688 506
422 1243 475 1221
911 1960 974 1947
607 1911 646 1948
1034 412 1097 399
1236 874 1256 931
1619 1803 1652 1847
377 1800 452 1798
868 215 896 264
600 1853 628 1804
810 1694 853 1660
1180 610 1236 589
448 1725 452 1798
1815 756 1889 759
1414 1968 1434 1910
522 1953 561 1914
1638 267 1711 272
1640 626 1642 702
1204 744 1249 777
579 133 593 68
926 110 956 61
526 529 572 562
1631 907 1646 971
1865 1527 1891 1474
0 1999 51 1971
1550 660 1585 616
837 1436 894 1414
1801 1059 1819 998
204 1272 269 1286
853 1660 884 1611
1783 1221 1829 1255
1669 1687 1697 1739
1443 1125 1488 1160
1520 1809 1570 1839
959 1163 1004 1127
618 688 648 637
628 1804 707 1806
1564 867 1643 865
884 1611 962 1614
1367 748 1409 709
648 637 701 665
1076 978 1118 938
515 786 594 783
1084 268 1119 221
1544 224 1548 302
1808 32 1833 89
145 1248 204 1272
112 413 129 479
1228 130 1247 66
165 1077 184 1013
760 153 770 226
1582 327 1623 369
1643 865 1698 837
905 336 960 308
1171 1933 1243 1945
1084 1281 1110 1339
467 1050 533 1032
1334 569 1417 568
1570 1839 1619 1803
1145 128 1228 130
1794 537 1866 550
1469 397 1516 436
1324 1052 1374 1015
1527 1260 1613 1261
650 1323 718 1304
247 1941 307 1968
1153 286 1239 285
215 1810 263 1849
1084 268 1153 286
699 203 715 131
1000 317 1003 402
1336 117 1371 171
1473 330 1558 334
1228 130 1315 132
1537 1139 1584 1182
798 1616 810 1694
1233 400 1247 324
1520 1035 1596 1021
1761 1411 1841 1401
974 306 978 220
1325 699 1367 748
1652 1847 1672 1918
1084 1281 1113 1218
647 307 712 334
600 1739 628 1804
1327 1406 1383 1443
411 846 422 764
1374 1015 1451 999
1710 1056 1801 1059
51 951 121 927
1261 1773 1354 1774
1563 774 1564 867
1921 1481 1974 1440
707 1806 721 1725
437 982 510 960
1660 1293 1701 1238
1536 1929 1572 1989
1848 646 1875 715
1536 1929 1628 1933
644 1681 691 1631
1233 400 1285 445
467 735 506 793
1623 369 1626 463
1669 1687 1757 1696
165 1077 216 1124
20 678 69 629
1640 1642 1711 1614
1701 1238 1783 1221
1764 952 1826 989
1228 1840 1261 1773
134 696 205 725
416 1862 452 1798
1596 1021 1646 971
981 535 1062 515
1047 11 1108 52
162 1415 192 1487
770 226 810 289
1067 1888 1099 1959
307 1968 313 1871
810 289 885 317
579 133 665 115
650 1323 653 1424
1434 1910 1526 1922
707 1603 798 1616
42 1583 96 1532
1451 999 1520 1035
1678 983 1710 1056
1692 1447 1761 1411
1004 1563 1065 1519
1640 626 1724 648
748 1987 849 1992
1400 917 1447 976
597 667 599 562
471 1651 577 1650
594 783 661 823
1198 472 1233 400
472 1117 475 1221
464 1317 475 1221
788 1788 888 1780
635 859 721 881
1917 1891 1953 1819
798 703 882 728
1920 117 1990 156
1198 472 1244 535
554 1602 559 1498
1336 117 1444 115
1236 874 1249 777
209 1147 251 1215
1970 1333 1974 1440
1595 99 1693 112
965 722 1030 676
1248 1450 1268 1541
205 725 307 716
1377 1498 1420 1567
37 1606 124 1631
1345 1882 1356 1781
313 1871 416 1862
965 722 982 818
1110 1339 1123 1440
1848 646 1866 550
757 1026 802 956
1833 89 1920 117
20 678 56 757
747 1871 748 1987
1345 1882 1434 1910
1380 167 1412 252
1236 589 1334 569
1619 1803 1707 1773
559 1380 559 1498
1895 1757 1953 1819
1149 841 1236 874
1228 1840 1243 1945
368 414 414 340
96 1532 213 1528
1354 1774 1387 1686
1420 1567 1480 1628
1520 1035 1537 1139
1874 1541 1964 1572
127 563 236 575
489 165 579 133
86 1120 165 1077
721 881 777 814
1841 1401 1891 1474
737 1069 794 1135
1409 709 1515 691
159 1903 247 1941
862 172 926 110
403 489 434 586
1118 938 1149 841
1559 191 1595 99
376 249 414 340
153 1743 215 1810
1030 676 1109 727
78 1799 153 1743
1034 412 1062 515
777 814 798 703
283 1847 305 1736
1964 1572 1980 1689
1000 317 1084 268
48 1284 145 1248
794 1135 840 1222
1607 1541 1640 1642
1757 1696 1845 1744
251 13 256 146
757 1026 891 1031
708 1008 721 881
0 0 72 71
1895 1757 1995 1714
478 297 489 165
16 365 112 413
1693 112 1774 49
472 1117 594 1140
840 1222 927 1161
297 535 334 421
1910 345 1962 449
893 1571 894 1414
162 1415 323 1415
112 413 157 295
1990 156 1999 0
51 1971 159 1903
207 290 256 146
72 71 251 13